1 400 400
400 400 799
400 799 399
399 799 798
399 798 398
398 798 797
398 797 397
397 797 796
397 796 396
396 796 795
396 795 395
395 795 794
395 794 394
394 794 793
394 793 393
393 793 792
393 792 392
392 792 791
392 791 391
391 791 790
391 790 390
390 790 789
390 789 389
389 789 788
389 788 388
388 788 787
388 787 387
387 787 786
387 786 386
386 786 785
386 785 385
385 785 784
385 784 384
384 784 783
384 783 383
383 783 782
383 782 382
382 782 781
382 781 381
381 781 780
381 780 380
380 780 779
380 779 379
379 779 778
379 778 378
378 778 777
378 777 377
377 777 776
377 776 376
376 776 775
376 775 375
375 775 774
375 774 374
374 774 773
374 773 373
373 773 772
373 772 372
372 772 771
372 771 371
371 771 770
371 770 370
370 770 769
370 769 369
369 769 768
369 768 368
368 768 767
368 767 367
367 767 766
367 766 366
366 766 765
366 765 365
365 765 764
365 764 364
364 764 763
364 763 363
363 763 762
363 762 362
362 762 761
362 761 361
361 761 760
361 760 360
360 760 759
360 759 359
359 759 758
359 758 358
358 758 757
358 757 357
357 757 756
357 756 356
356 756 755
356 755 355
355 755 754
355 754 354
354 754 753
354 753 353
353 753 752
353 752 352
352 752 751
352 751 351
351 751 750
351 750 350
350 750 749
350 749 349
349 749 748
349 748 348
348 748 747
348 747 347
347 747 746
347 746 346
346 746 745
346 745 345
345 745 744
345 744 344
344 744 743
344 743 343
343 743 742
343 742 342
342 742 741
342 741 341
341 741 740
341 740 340
340 740 739
340 739 339
339 739 738
339 738 338
338 738 737
338 737 337
337 737 736
337 736 336
336 736 735
336 735 335
335 735 734
335 734 334
334 734 733
334 733 333
333 733 732
333 732 332
332 732 731
332 731 331
331 731 730
331 730 330
330 730 729
330 729 329
329 729 728
329 728 328
328 728 727
328 727 327
327 727 726
327 726 326
326 726 725
326 725 325
325 725 724
325 724 324
324 724 723
324 723 323
323 723 722
323 722 322
322 722 721
322 721 321
321 721 720
321 720 320
320 720 719
320 719 319
319 719 718
319 718 318
318 718 717
318 717 317
317 717 716
317 716 316
316 716 715
316 715 315
315 715 714
315 714 314
314 714 713
314 713 313
313 713 712
313 712 312
312 712 711
312 711 311
311 711 710
311 710 310
310 710 709
310 709 309
309 709 708
309 708 308
308 708 707
308 707 307
307 707 706
307 706 306
306 706 705
306 705 305
305 705 704
305 704 304
304 704 703
304 703 303
303 703 702
303 702 302
302 702 701
302 701 301
301 701 700
301 700 300
300 700 699
300 699 299
299 699 698
299 698 298
298 698 697
298 697 297
297 697 696
297 696 296
296 696 695
296 695 295
295 695 694
295 694 294
294 694 693
294 693 293
293 693 692
293 692 292
292 692 691
292 691 291
291 691 690
291 690 290
290 690 689
290 689 289
289 689 688
289 688 288
288 688 687
288 687 287
287 687 686
287 686 286
286 686 685
286 685 285
285 685 684
285 684 284
284 684 683
284 683 283
283 683 682
283 682 282
282 682 681
282 681 281
281 681 680
281 680 280
280 680 679
280 679 279
279 679 678
279 678 278
278 678 677
278 677 277
277 677 676
277 676 276
276 676 675
276 675 275
275 675 674
275 674 274
274 674 673
274 673 273
273 673 672
273 672 272
272 672 671
272 671 271
271 671 670
271 670 270
270 670 669
270 669 269
269 669 668
269 668 268
268 668 667
268 667 267
267 667 666
267 666 266
266 666 665
266 665 265
265 665 664
265 664 264
264 664 663
264 663 263
263 663 662
263 662 262
262 662 661
262 661 261
261 661 660
261 660 260
260 660 659
260 659 259
259 659 658
259 658 258
258 658 657
258 657 257
257 657 656
257 656 256
256 656 655
256 655 255
255 655 654
255 654 254
254 654 653
254 653 253
253 653 652
253 652 252
252 652 651
252 651 251
251 651 650
251 650 250
250 650 649
250 649 249
249 649 648
249 648 248
248 648 647
248 647 247
247 647 646
247 646 246
246 646 645
246 645 245
245 645 644
245 644 244
244 644 643
244 643 243
243 643 642
243 642 242
242 642 641
242 641 241
241 641 640
241 640 240
240 640 639
240 639 239
239 639 638
239 638 238
238 638 637
238 637 237
237 637 636
237 636 236
236 636 635
236 635 235
235 635 634
235 634 234
234 634 633
234 633 233
233 633 632
233 632 232
232 632 631
232 631 231
231 631 630
231 630 230
230 630 629
230 629 229
229 629 628
229 628 228
228 628 627
228 627 227
227 627 626
227 626 226
226 626 625
226 625 225
225 625 624
225 624 224
224 624 623
224 623 223
223 623 622
223 622 222
222 622 621
222 621 221
221 621 620
221 620 220
220 620 619
220 619 219
219 619 618
219 618 218
218 618 617
218 617 217
217 617 616
217 616 216
216 616 615
216 615 215
215 615 614
215 614 214
214 614 613
214 613 213
213 613 612
213 612 212
212 612 611
212 611 211
211 611 610
211 610 210
210 610 609
210 609 209
209 609 608
209 608 208
208 608 607
208 607 207
207 607 606
207 606 206
206 606 605
206 605 205
205 605 604
205 604 204
204 604 603
204 603 203
203 603 602
203 602 202
202 602 601
202 601 201
201 601 600
201 600 200
200 600 599
200 599 199
199 599 598
199 598 198
198 598 597
198 597 197
197 597 596
197 596 196
196 596 595
196 595 195
195 595 594
195 594 194
194 594 593
194 593 193
193 593 592
193 592 192
192 592 591
192 591 191
191 591 590
191 590 190
190 590 589
190 589 189
189 589 588
189 588 188
188 588 587
188 587 187
187 587 586
187 586 186
186 586 585
186 585 185
185 585 584
185 584 184
184 584 583
184 583 183
183 583 582
183 582 182
182 582 581
182 581 181
181 581 580
181 580 180
180 580 579
180 579 179
179 579 578
179 578 178
178 578 577
178 577 177
177 577 576
177 576 176
176 576 575
176 575 175
175 575 574
175 574 174
174 574 573
174 573 173
173 573 572
173 572 172
172 572 571
172 571 171
171 571 570
171 570 170
170 570 569
170 569 169
169 569 568
169 568 168
168 568 567
168 567 167
167 567 566
167 566 166
166 566 565
166 565 165
165 565 564
165 564 164
164 564 563
164 563 163
163 563 562
163 562 162
162 562 561
162 561 161
161 561 560
161 560 160
160 560 559
160 559 159
159 559 558
159 558 158
158 558 557
158 557 157
157 557 556
157 556 156
156 556 555
156 555 155
155 555 554
155 554 154
154 554 553
154 553 153
153 553 552
153 552 152
152 552 551
152 551 151
151 551 550
151 550 150
150 550 549
150 549 149
149 549 548
149 548 148
148 548 547
148 547 147
147 547 546
147 546 146
146 546 545
146 545 145
145 545 544
145 544 144
144 544 543
144 543 143
143 543 542
143 542 142
142 542 541
142 541 141
141 541 540
141 540 140
140 540 539
140 539 139
139 539 538
139 538 138
138 538 537
138 537 137
137 537 536
137 536 136
136 536 535
136 535 135
135 535 534
135 534 134
134 534 533
134 533 133
133 533 532
133 532 132
132 532 531
132 531 131
131 531 530
131 530 130
130 530 529
130 529 129
129 529 528
129 528 128
128 528 527
128 527 127
127 527 526
127 526 126
126 526 525
126 525 125
125 525 524
125 524 124
124 524 523
124 523 123
123 523 522
123 522 122
122 522 521
122 521 121
121 521 520
121 520 120
120 520 519
120 519 119
119 519 518
119 518 118
118 518 517
118 517 117
117 517 516
117 516 116
116 516 515
116 515 115
115 515 514
115 514 114
114 514 513
114 513 113
113 513 512
113 512 112
112 512 511
112 511 111
111 511 510
111 510 110
110 510 509
110 509 109
109 509 508
109 508 108
108 508 507
108 507 107
107 507 506
107 506 106
106 506 505
106 505 105
105 505 504
105 504 104
104 504 503
104 503 103
103 503 502
103 502 102
102 502 501
102 501 101
101 501 500
101 500 100
100 500 499
100 499 99
99 499 498
99 498 98
98 498 497
98 497 97
97 497 496
97 496 96
96 496 495
96 495 95
95 495 494
95 494 94
94 494 493
94 493 93
93 493 492
93 492 92
92 492 491
92 491 91
91 491 490
91 490 90
90 490 489
90 489 89
89 489 488
89 488 88
88 488 487
88 487 87
87 487 486
87 486 86
86 486 485
86 485 85
85 485 484
85 484 84
84 484 483
84 483 83
83 483 482
83 482 82
82 482 481
82 481 81
81 481 480
81 480 80
80 480 479
80 479 79
79 479 478
79 478 78
78 478 477
78 477 77
77 477 476
77 476 76
76 476 475
76 475 75
75 475 474
75 474 74
74 474 473
74 473 73
73 473 472
73 472 72
72 472 471
72 471 71
71 471 470
71 470 70
70 470 469
70 469 69
69 469 468
69 468 68
68 468 467
68 467 67
67 467 466
67 466 66
66 466 465
66 465 65
65 465 464
65 464 64
64 464 463
64 463 63
63 463 462
63 462 62
62 462 461
62 461 61
61 461 460
61 460 60
60 460 459
60 459 59
59 459 458
59 458 58
58 458 457
58 457 57
57 457 456
57 456 56
56 456 455
56 455 55
55 455 454
55 454 54
54 454 453
54 453 53
53 453 452
53 452 52
52 452 451
52 451 51
51 451 450
51 450 50
50 450 449
50 449 49
49 449 448
49 448 48
48 448 447
48 447 47
47 447 446
47 446 46
46 446 445
46 445 45
45 445 444
45 444 44
44 444 443
44 443 43
43 443 442
43 442 42
42 442 441
42 441 41
41 441 440
41 440 40
40 440 439
40 439 39
39 439 438
39 438 38
38 438 437
38 437 37
37 437 436
37 436 36
36 436 435
36 435 35
35 435 434
35 434 34
34 434 433
34 433 33
33 433 432
33 432 32
32 432 431
32 431 430
32 430 31
31 430 30
30 430 429
30 429 29
29 429 428
29 428 28
28 428 427
28 427 27
27 427 426
27 426 26
26 426 425
26 425 25
25 425 424
25 424 24
24 424 423
24 423 23
23 423 422
23 422 22
22 422 421
22 421 21
21 421 420
21 420 20
20 420 419
20 419 19
19 419 418
19 418 18
18 418 417
18 417 17
17 417 416
17 416 16
16 416 415
16 415 15
15 415 414
15 414 413
15 413 14
14 413 13
13 413 412
13 412 12
12 412 411
12 411 11
11 411 410
11 410 10
10 410 409
10 409 9
9 409 408
9 408 8
8 408 407
8 407 7
7 407 406
7 406 405
7 405 404
7 404 403
7 403 402
7 402 401
7 401 400
7 400 6
6 400 5
5 400 4
4 400 3
3 400 2
2 400 1
