1 350 201
350 200 1
350 199 200
199 349 350
349 198 199
349 197 198
197 348 349
197 347 348
347 196 197
347 195 196
195 346 347
346 194 195
346 193 194
193 345 346
193 344 345
344 192 193
344 191 192
191 343 344
343 190 191
343 189 190
189 342 343
189 341 342
341 188 189
341 187 188
187 340 341
340 186 187
340 185 186
185 339 340
185 338 339
338 184 185
338 183 184
183 337 338
337 182 183
337 181 182
181 336 337
181 335 336
335 180 181
335 179 180
179 334 335
334 178 179
334 177 178
177 333 334
177 332 333
332 176 177
332 175 176
175 331 332
331 174 175
331 173 174
173 330 331
173 329 330
329 172 173
329 171 172
171 328 329
328 170 171
328 169 170
169 327 328
169 326 327
326 168 169
326 167 168
167 325 326
325 166 167
325 165 166
165 324 325
165 323 324
323 164 165
323 163 164
163 322 323
322 162 163
322 161 162
161 321 322
161 320 321
320 160 161
320 159 160
159 319 320
319 158 159
319 157 158
157 318 319
157 317 318
317 156 157
317 155 156
155 316 317
316 154 155
316 153 154
153 315 316
153 314 315
314 152 153
314 151 152
151 313 314
313 150 151
313 149 150
149 312 313
149 311 312
311 148 149
311 147 148
147 310 311
310 146 147
310 145 146
145 309 310
145 308 309
308 144 145
308 143 144
143 307 308
307 142 143
307 141 142
141 306 307
141 305 306
305 140 141
305 139 140
139 304 305
304 138 139
304 137 138
137 303 304
137 302 303
302 136 137
302 135 136
135 301 302
301 134 135
301 133 134
133 300 301
133 299 300
299 132 133
299 131 132
131 298 299
298 130 131
298 129 130
129 297 298
129 296 297
296 128 129
296 127 128
127 295 296
295 126 127
295 125 126
125 294 295
125 293 294
293 124 125
293 123 124
123 292 293
292 122 123
292 121 122
121 291 292
121 290 291
290 120 121
290 119 120
119 289 290
289 118 119
289 117 118
117 288 289
117 287 288
287 116 117
287 115 116
115 286 287
286 114 115
286 113 114
113 285 286
113 284 285
284 112 113
284 111 112
111 283 284
283 110 111
283 109 110
109 282 283
109 281 282
281 108 109
281 107 108
107 280 281
280 106 107
280 105 106
105 279 280
105 278 279
278 104 105
278 103 104
103 277 278
277 102 103
277 101 102
101 276 277
101 275 276
275 100 101
275 99 100
99 274 275
274 98 99
274 97 98
97 273 274
97 272 273
272 96 97
272 95 96
95 271 272
271 94 95
271 93 94
93 270 271
93 269 270
269 92 93
269 91 92
91 268 269
268 90 91
268 89 90
89 267 268
89 266 267
266 88 89
266 87 88
87 265 266
265 86 87
265 85 86
85 264 265
85 263 264
263 84 85
263 83 84
83 262 263
262 82 83
262 81 82
81 261 262
81 260 261
260 80 81
260 79 80
79 259 260
259 78 79
259 77 78
77 258 259
77 257 258
257 76 77
257 75 76
75 256 257
256 74 75
256 73 74
73 255 256
73 254 255
254 72 73
254 71 72
71 253 254
253 70 71
253 69 70
69 252 253
69 251 252
251 68 69
251 67 68
67 250 251
250 66 67
250 65 66
65 249 250
65 248 249
248 64 65
248 63 64
63 247 248
247 62 63
247 61 62
61 246 247
61 245 246
245 60 61
245 59 60
59 244 245
244 58 59
244 57 58
57 243 244
57 242 243
242 56 57
242 55 56
55 241 242
241 54 55
241 53 54
53 240 241
53 239 240
239 52 53
239 51 52
51 238 239
238 50 51
238 49 50
49 237 238
49 236 237
236 48 49
236 47 48
47 235 236
235 46 47
235 45 46
45 234 235
45 233 234
233 44 45
233 43 44
43 232 233
232 42 43
232 41 42
41 231 232
41 230 231
230 40 41
230 39 40
39 229 230
229 38 39
229 37 38
37 228 229
37 227 228
227 36 37
227 35 36
35 226 227
226 34 35
226 33 34
33 225 226
33 224 225
224 32 33
224 31 32
31 223 224
223 30 31
223 29 30
29 222 223
29 221 222
221 28 29
221 27 28
27 220 221
220 26 27
220 25 26
25 219 220
25 218 219
218 24 25
218 23 24
23 217 218
217 22 23
217 21 22
21 216 217
21 215 216
215 20 21
215 19 20
19 214 215
214 18 19
214 17 18
17 213 214
17 212 213
212 16 17
212 15 16
15 211 212
211 14 15
211 13 14
13 210 211
13 209 210
209 12 13
209 11 12
11 208 209
208 10 11
208 9 10
9 207 208
9 206 207
206 8 9
206 7 8
7 205 206
205 6 7
205 5 6
5 204 205
5 203 204
203 4 5
203 3 4
3 202 203
202 2 3
202 1 2
1 201 202
